================================================
          1011 SEQUENCE DETECTOR
================================================
 Time | CLK | RESET | DATA_IN | DETECTED
-----------------------------------------------
   10 |  0  |   1   |    0     |    0
   20 |  0  |   0   |    1     |    0
   30 |  0  |   0   |    0     |    0
   40 |  0  |   0   |    1     |    0
   50 |  0  |   0   |    1     |    1
   60 |  0  |   0   |    0     |    0
   70 |  0  |   0   |    1     |    0
   80 |  0  |   0   |    0     |    0
   90 |  0  |   0   |    1     |    0
  100 |  0  |   0   |    0     |    0
  110 |  0  |   0   |    1     |    0
  120 |  0  |   0   |    1     |    1
-----------------------------------------------
Simulation completed successfully.
